1111111111111111111111111111111111111111111111111111111111111111
1111000000000000000011111011110000111110111111000000000000000002
1111000000000000000011111011110000111110111111000000000000000002
1110000000000000000011110000000000111100111100000000000000000002
1000000000000000000000000000000000000000000000000000000000000002
1000000000000000000000000000000000000000000000000000000000000001
1000000000000000000000000000000000000000000000000000000000000001
1000000000000000000000000000000000000000000000000000000000000001
1000000000000000000000000000000000000000000000000000000000000001
1000000000000000000000000000000111000000000000000000000000000001
1000000000000000000000000000001111000000000000000000000000000001
1000000000000000000000000000001111000000000000000000000000000001
1000000000000000000000000000001111000000000000000000000000000001
1000000000000000000000000000000000000000000000000000000000000001
1000000000000000000000000000000000000000000000000000000000000001
1000000000000000000000000000000000000000000000000000000000000001
1000000000000000000000000000000000000000000000000000000000000001
1000000000000000000000000000000000000000000000000000000000000001
1000000000000000000000000000000000000000000000000000000000000001
1000000000000000000000000000000000000000000000000000000000000001
1111000000000000000011111000000000000000111111000000000000000111
1111000000000000000011111000000000000000111111000000000000000111
1111000000000000000011111000000000000000111111000000000000000111
1111000000000000000011111000000000000000111111000000000000000111
1110000000000000000011110000000000000000111100000000000000000111
1110000000000000000000000000000000000000000000000000000000000001
1110000000000000000000000000000000000000000000000000000000000001
1110000000000000000000000000000000000000000000000000000000000001
1110000000000000000000000000000000000000000000000000000000000001
1110000000000000000000000000000000000000000000000000000000000001
1000000000000000000000000000000000000000000000000000000000000001
1000000000000000000000000000000000000000000000000000000000000001
1000000000000000000000000000000000000000000000000000000000000001
1000000000000000000000000000000000000000000000000000000000000001
1110000000000000000000000000000000000000000000000000000000000001
1111000000000000000000000000000000000000000000000000000000000001
1111000000000000000000000000000000000000000000000000000000000001
1111000000000000000000000000000000000000000000000000000000000001
1111000000000000000000000000000000000000000000000000000000000001
1000000000000000000000000000000000000000000000000000000000000001
1111000000000000000011111000000000000000111111000000000000000111
1111000000000000000011111000000000000000111111000000000000000111
1111000000000000000011111000000000000000111111000000000000000111
1111000000000000000011111000000000000000111111000000000000000111
1110000000000000000011110000000000000000111100000000000000000111
1110000000000000000011110000000000000000111100000000000000000111
1000000000000000000000000000000000000000000000000000000000000001
1000000000000000000000000000000000000000000000000000000000000001
1000000000000000000000000000000000000000000000000000000000000001
1000000000000000000000000000000000000000000000000000000000000001
1000000000000000000000000000000000000000000000000000000000000001
1000000000000000000000000000000000000000000000000000000000000001
1000000000000000000000000000000000000000000000000000000000000001
1000000000000000000000000000000000000000000000000000000000000001
1000000000000000000000000000000000000000000000000000000000000001
1000000000000000000000000000000000000000000000000000000000000001
1000000000000000000000000000000000000000000000000000000000000001
1000000000000000000000000000000000000000000000000000000000000001
1000000000000000000000000000000000000000000000000000000000000001
1000000000000000000000000000000000000000000000000000000000000001
1000000000000000000000000011110000111100000000000000000000000001
1111000000000000000011111011111000111110111111000000000000000111
1111400000000000000011111011111000111110111111000000000000003111
1111111111111111111111111111111111111111111111111111111111111111