1111111111111111111111111111111111111111111111111111111111111111
1111111111111111111111111111111111111111111111111111111111111111
1100000011000000000000001100000011000000000000001100000011000002
1100000011000000000000001100000011000000000000001100000011000002
1100000011000000110000001100000000000000110000001100000000000011
1100000011000000110000001100000000000000110000001100000000000011
1100000011000000110000000000000011000000110000000000000011000011
1100000011000000110000000000000011000000110000000000000011000011
1111110011110011111111001111001111111111111111111111110011000011
1111110011110011111111001111001111111111111111111111110011000011
1100000000000000110000000000000000000000110000001100000011000011
1100000000000000110000000000000000000000110000001100000011000011
1100000011000000000000001100000011000000110000001100000000000011
1100000011000000000000001100000011000000110000001100000000000011
1100000011000000110000001100000011000000000000001100000011000011
1100000011000000110000001100000011000000000000001100000011000011
1111111111110011111111111111001111110011111111001100111111111111
1111111111110011111111111111001111110011111111001100111111111111
1100000011000000000000001100000000000000110000000000000011000011
1100000011000000000000001100000000000000110000000000000011000011
1100000000000000110000001100000011000000110000001100000000000011
1100000000000000110000001100000011000000110000001100000000000011
1100000011000000110000000000000011000000000000001100000011000011
1100000011000000110000000000000011000000000000001100000011000011
1111111111001111110011111111111111110011111100111111110011111111
1111111111001111110011111111111111110011111100111111110011111111
1100000011000000000000001100000011000000000000001100000011000011
1100000011000000000000001100000011000000000000001100000011000011
1100000011000000110000000000000000000000110000001100000000000011
1100000011000000110000000000000000000000110000001100000000000011
1100000011000000110000001100000011000000110000001100000011000011
1100000011000000110000001100000011000000110000001100000011000011
1111001111110011111111001111111111110011111100111111110011111111
1111001111110011111111001111111111110011111100111111110011111111
1100000011000000110000001100000011000000000000001100000011000011
1100000011000000110000001100000011000000000000001100000011000011
1100000011000000000000001100000000000000110000000000000000000011
1100000011000000000000001100000000000000110000000000000000000011
1100000000000000110000001100000011000000110000001100000011000011
1100000000000000110000001100000011000000110000001100000011000011
1111001111111111110011111111111111111111111100111111110011111111
1111001111111111110011111111111111111111111100111111110011111111
1100000011000000000000001100000011000000000000001100000011000011
1100000011000000000000001100000011000000000000001100000011000011
1100000000000000110000001100000000000000110000001100000011000011
1100000000000000110000001100000000000000110000001100000011000011
1100000011000000110000000000000011000000110000001100000000000011
1100000011000000110000000000000011000000110000001100000000000011
1100111111111111111111001111110011001111111111001111110011110011
1100111111111111111111001111110011001111111111001111110011110011
1100000011000000110000001100000011000000110000000000000011000011
1100000011000000110000001100000011000000110000000000000011000011
1100000000000000110000001100000011000000000000001100000011000011
1100000000000000110000001100000011000000000000001100000011000011
1100000011000000110000000000000000000000110000001100000011000011
1100000011000000110000000000000000000000110000001100000011000011
1111110011111111111100111111111111110011111111001111110011111111
1111110011111111111100111111111111110011111111001111110011111111
1100000011000000110000001100000011000000110000001100000011000011
1100000011000000110000001100000011000000110000001100000011000011
1100000000000000000000001100000011000000110000001100000011000011
1140000000000000000000001100000011000000110000001100000000000311
1111111111111111111111111111111111111111111111111111111111111111
1111111111111111111111111111111111111111111111111111111111111111